0 583
0 486
0 777
0 115
1 593
1 735
1 586
1 492
2 649
2 621
2 762
2 427
3 690
3 59
3 163
3 326
4 540
4 226
4 372
4 536
5 411
5 168
5 167
5 429
6 182
6 730
6 462
6 323
7 467
7 735
7 329
7 602
8 422
8 658
8 269
8 567
9 593
9 56
9 611
9 442
10 229
10 573
10 421
10 119
11 184
11 137
11 798
11 724
12 715
12 370
12 13
12 326
13 91
13 180
13 756
13 273
14 462
14 770
14 596
14 481
15 705
15 125
15 284
15 327
16 336
16 105
16 446
16 129
17 513
17 257
17 124
17 295
18 382
18 545
18 414
18 567
19 234
19 764
19 43
19 150
20 687
20 408
20 476
20 778
21 588
21 784
21 603
21 251
22 754
22 399
22 732
22 660
23 76
23 568
23 539
23 412
24 226
24 186
24 94
24 739
25 795
25 570
25 234
25 378
26 667
26 201
26 497
26 102
27 517
27 92
27 252
27 756
28 501
28 280
28 286
28 641
29 265
29 89
29 444
29 219
30 40
30 729
30 431
30 117
31 497
31 171
31 81
31 275
32 709
32 527
32 567
32 256
33 297
33 353
33 186
33 165
34 106
34 683
34 619
34 624
35 328
35 71
35 132
35 29
36 703
36 419
36 670
36 168
37 508
37 315
37 740
37 549
38 596
38 723
38 218
38 645
39 446
39 651
39 121
39 355
40 379
40 688
40 164
40 228
41 241
41 350
41 393
41 700
42 234
42 564
42 524
42 114
43 187
43 656
43 143
43 91
44 627
44 365
44 259
44 336
45 232
45 551
45 437
45 28
46 475
46 207
46 674
46 121
47 58
47 795
47 29
47 437
48 235
48 193
48 218
48 28
49 543
49 611
49 728
49 329
50 376
50 4
50 443
50 563
51 213
51 138
51 206
51 40
52 504
52 18
52 728
52 288
53 569
53 717
53 317
53 596
54 124
54 543
54 270
54 183
55 90
55 299
55 172
55 325
56 44
56 390
56 705
56 139
57 554
57 186
57 469
57 482
58 542
58 464
58 597
58 307
59 155
59 4
59 348
59 211
60 22
60 628
60 499
60 143
61 546
61 368
61 740
61 222
62 111
62 210
62 405
62 201
63 61
63 130
63 78
63 105
64 520
64 336
64 244
64 626
65 522
65 265
65 308
65 616
66 282
66 458
66 124
66 437
67 462
67 24
67 200
67 36
68 652
68 699
68 179
68 750
69 268
69 471
69 173
69 731
70 681
70 130
70 133
70 294
71 260
71 563
71 399
71 781
72 99
72 196
72 159
72 173
73 13
73 468
73 790
73 295
74 126
74 466
74 284
74 140
75 490
75 484
75 176
75 342
76 736
76 707
76 645
76 556
77 379
77 18
77 487
77 612
78 148
78 172
78 459
78 409
79 736
79 410
79 742
79 387
80 606
80 101
80 113
80 172
81 121
81 455
81 19
81 599
82 121
82 304
82 739
82 611
83 340
83 467
83 505
83 628
84 727
84 350
84 384
84 658
85 720
85 424
85 22
85 69
86 596
86 481
86 30
86 84
87 92
87 772
87 472
87 250
88 425
88 585
88 422
88 99
89 240
89 442
89 698
89 713
90 298
90 190
90 524
90 190
91 209
91 581
91 19
91 136
92 132
92 755
92 794
92 404
93 379
93 369
93 473
93 176
94 50
94 55
94 260
94 142
95 379
95 284
95 393
95 5
96 421
96 367
96 104
96 213
97 361
97 354
97 126
97 659
98 544
98 202
98 402
98 306
99 784
99 421
99 442
99 468
100 728
100 789
100 72
100 308
101 358
101 98
101 36
101 408
102 153
102 648
102 103
102 533
103 133
103 48
103 90
103 554
104 767
104 546
104 768
104 329
105 100
105 446
105 188
105 197
106 649
106 590
106 503
106 633
107 563
107 497
107 653
107 492
108 486
108 725
108 352
108 396
109 375
109 388
109 357
109 529
110 236
110 460
110 614
110 721
111 60
111 704
111 28
111 27
112 450
112 348
112 356
112 102
113 794
113 97
113 299
113 643
114 239
114 2
114 28
114 3
115 500
115 681
115 47
115 538
116 159
116 751
116 135
116 534
117 339
117 492
117 615
117 127
118 504
118 429
118 49
118 564
119 685
119 429
119 143
119 335
120 777
120 500
120 438
120 771
121 149
121 289
121 167
121 388
122 292
122 195
122 743
122 344
123 429
123 790
123 82
123 140
124 741
124 569
124 226
124 632
125 261
125 42
125 760
125 317
126 23
126 361
126 81
126 709
127 790
127 225
127 596
127 767
128 277
128 234
128 290
128 426
129 524
129 457
129 14
129 368
130 205
130 758
130 712
130 186
131 300
131 346
131 326
131 594
132 116
132 552
132 778
132 729
133 146
133 290
133 247
133 170
134 651
134 680
134 431
134 193
135 457
135 227
135 512
135 286
136 14
136 355
136 712
136 90
137 12
137 279
137 10
137 569
138 589
138 274
138 755
138 441
139 620
139 633
139 587
139 288
140 738
140 566
140 570
140 84
141 56
141 17
141 606
141 260
142 249
142 237
142 5
142 259
143 17
143 518
143 545
143 383
144 73
144 458
144 473
144 437
145 289
145 483
145 207
145 78
146 757
146 514
146 71
146 129
147 700
147 659
147 418
147 638
148 425
148 188
148 274
148 33
149 557
149 81
149 293
149 358
150 670
150 299
150 617
150 239
151 369
151 363
151 622
151 794
152 373
152 647
152 431
152 662
153 682
153 190
153 292
153 191
154 257
154 715
154 321
154 157
155 574
155 291
155 347
155 551
156 31
156 621
156 137
156 140
157 254
157 430
157 498
157 125
158 281
158 316
158 716
158 202
159 231
159 539
159 196
159 604
160 738
160 180
160 18
160 621
161 370
161 662
161 12
161 179
162 577
162 685
162 336
162 704
163 176
163 683
163 7
163 559
164 57
164 144
164 699
164 311
165 127
165 750
165 436
165 760
166 618
166 705
166 163
166 49
167 444
167 711
167 205
167 734
168 91
168 575
168 555
168 14
169 789
169 568
169 193
169 118
170 5
170 82
170 22
170 182
171 317
171 30
171 293
171 374
172 526
172 193
172 686
172 653
173 143
173 674
173 614
173 313
174 579
174 777
174 362
174 575
175 688
175 119
175 510
175 332
176 694
176 617
176 346
176 235
177 737
177 91
177 353
177 743
178 173
178 728
178 125
178 491
179 310
179 418
179 417
179 36
180 163
180 655
180 690
180 658
181 530
181 504
181 171
181 661
182 33
182 85
182 789
182 273
183 204
183 51
183 605
183 450
184 668
184 503
184 685
184 606
185 595
185 239
185 549
185 320
186 167
186 226
186 363
186 477
187 196
187 781
187 65
187 360
188 636
188 755
188 570
188 718
189 11
189 742
189 132
189 396
190 379
190 121
190 670
190 584
191 172
191 27
191 234
191 40
192 83
192 472
192 198
192 230
193 263
193 747
193 550
193 430
194 173
194 114
194 459
194 722
195 447
195 524
195 282
195 635
196 32
196 404
196 554
196 43
197 698
197 686
197 440
197 278
198 359
198 662
198 62
198 83
199 241
199 648
199 123
199 324
200 672
200 322
200 554
200 135
201 621
201 657
201 565
201 347
202 771
202 576
202 269
202 418
203 301
203 103
203 253
203 333
204 507
204 359
204 728
204 406
205 597
205 720
205 684
205 508
206 134
206 298
206 591
206 376
207 498
207 715
207 252
207 371
208 589
208 359
208 506
208 410
209 216
209 624
209 309
209 539
210 400
210 578
210 509
210 253
211 681
211 314
211 138
211 389
212 226
212 67
212 347
212 23
213 787
213 231
213 532
213 122
214 81
214 675
214 50
214 579
215 590
215 654
215 150
215 731
216 213
216 657
216 694
216 781
217 481
217 203
217 520
217 433
218 782
218 581
218 687
218 215
219 96
219 25
219 604
219 322
220 92
220 151
220 697
220 432
221 734
221 781
221 106
221 15
222 657
222 508
222 595
222 799
223 362
223 297
223 283
223 576
224 154
224 177
224 109
224 187
225 732
225 182
225 621
225 266
226 763
226 60
226 482
226 411
227 85
227 286
227 285
227 530
228 790
228 183
228 514
228 276
229 516
229 620
229 292
229 725
230 328
230 439
230 725
230 690
231 736
231 560
231 18
231 443
232 737
232 128
232 182
232 221
233 310
233 355
233 488
233 625
234 415
234 170
234 237
234 53
235 8
235 522
235 583
235 350
236 257
236 297
236 627
236 326
237 469
237 471
237 251
237 349
238 110
238 528
238 239
238 398
239 288
239 610
239 393
239 577
240 290
240 576
240 799
240 152
241 131
241 487
241 777
241 99
242 657
242 566
242 152
242 217
243 641
243 735
243 568
243 98
244 584
244 395
244 776
244 605
245 66
245 228
245 154
245 528
246 308
246 393
246 478
246 597
247 555
247 72
247 374
247 45
248 200
248 725
248 197
248 683
249 412
249 527
249 782
249 621
250 293
250 134
250 39
250 134
251 421
251 159
251 585
251 557
252 554
252 561
252 362
252 172
253 341
253 516
253 252
253 650
254 462
254 282
254 799
254 217
255 354
255 373
255 615
255 106
256 651
256 364
256 790
256 263
257 91
257 772
257 437
257 737
258 459
258 28
258 71
258 80
259 187
259 656
259 190
259 741
260 770
260 552
260 465
260 311
261 269
261 717
261 161
261 283
262 551
262 512
262 500
262 106
263 438
263 667
263 564
263 289
264 232
264 554
264 104
264 675
265 79
265 541
265 612
265 538
266 569
266 236
266 170
266 756
267 444
267 360
267 249
267 414
268 465
268 714
268 726
268 286
269 183
269 439
269 569
269 735
270 152
270 621
270 393
270 590
271 489
271 509
271 431
271 273
272 264
272 535
272 148
272 695
273 277
273 313
273 433
273 398
274 549
274 155
274 355
274 193
275 68
275 156
275 160
275 533
276 423
276 86
276 371
276 158
277 77
277 140
277 445
277 581
278 761
278 390
278 723
278 450
279 100
279 354
279 275
279 364
280 442
280 424
280 259
280 719
281 289
281 244
281 669
281 38
282 751
282 576
282 583
282 19
283 733
283 743
283 104
283 356
284 381
284 475
284 66
284 11
285 167
285 512
285 592
285 129
286 102
286 68
286 131
286 202
287 774
287 407
287 118
287 416
288 383
288 377
288 687
288 672
289 173
289 557
289 262
289 125
290 333
290 397
290 496
290 618
291 341
291 153
291 526
291 274
292 180
292 593
292 285
292 348
293 305
293 430
293 29
293 759
294 498
294 160
294 162
294 24
295 119
295 280
295 441
295 502
296 210
296 680
296 726
296 383
297 789
297 540
297 508
297 323
298 138
298 557
298 493
298 31
299 710
299 220
299 305
299 90
300 13
300 591
300 438
300 670
301 221
301 467
301 629
301 271
302 180
302 343
302 295
302 299
303 624
303 288
303 354
303 386
304 169
304 632
304 769
304 510
305 373
305 30
305 33
305 63
306 587
306 79
306 94
306 49
307 299
307 751
307 139
307 664
308 542
308 130
308 86
308 315
309 149
309 715
309 586
309 681
310 611
310 434
310 533
310 787
311 722
311 87
311 373
311 443
312 719
312 342
312 154
312 644
313 724
313 539
313 259
313 63
314 618
314 353
314 112
314 469
315 305
315 604
315 333
315 399
316 734
316 419
316 715
316 435
317 687
317 53
317 669
317 50
318 487
318 402
318 37
318 762
319 489
319 410
319 405
319 760
320 304
320 111
320 157
320 229
321 203
321 416
321 292
321 21
322 322
322 405
322 43
322 179
323 561
323 728
323 578
323 47
324 700
324 45
324 482
324 587
325 99
325 351
325 189
325 586
326 753
326 226
326 548
326 794
327 636
327 506
327 307
327 492
328 617
328 464
328 721
328 20
329 80
329 566
329 394
329 754
330 523
330 437
330 133
330 284
331 717
331 712
331 331
331 617
332 309
332 365
332 756
332 408
333 269
333 145
333 195
333 222
334 371
334 295
334 569
334 559
335 1
335 76
335 252
335 171
336 540
336 525
336 543
336 172
337 291
337 489
337 127
337 366
338 478
338 612
338 650
338 396
339 524
339 533
339 213
339 386
340 99
340 170
340 794
340 368
341 315
341 541
341 142
341 239
342 37
342 263
342 798
342 390
343 339
343 602
343 113
343 431
344 328
344 657
344 604
344 171
345 346
345 283
345 538
345 25
346 95
346 740
346 421
346 172
347 26
347 634
347 558
347 125
348 356
348 552
348 45
348 672
349 646
349 539
349 111
349 683
350 3
350 461
350 625
350 342
351 616
351 739
351 774
351 144
352 596
352 130
352 667
352 494
353 413
353 757
353 519
353 60
354 250
354 492
354 232
354 276
355 679
355 790
355 753
355 235
356 95
356 798
356 107
356 741
357 537
357 570
357 176
357 540
358 584
358 1
358 83
358 400
359 292
359 409
359 96
359 440
360 539
360 763
360 135
360 504
361 273
361 206
361 564
361 523
362 251
362 349
362 351
362 130
363 339
363 304
363 365
363 786
364 302
364 25
364 279
364 391
365 147
365 7
365 484
365 731
366 361
366 119
366 331
366 653
367 528
367 427
367 294
367 619
368 743
368 781
368 323
368 568
369 187
369 439
369 643
369 438
370 788
370 194
370 120
370 680
371 498
371 486
371 218
371 352
372 63
372 498
372 295
372 210
373 505
373 779
373 142
373 66
374 98
374 25
374 272
374 178
375 453
375 566
375 797
375 748
376 547
376 672
376 516
376 286
377 312
377 359
377 277
377 300
378 553
378 397
378 532
378 603
379 435
379 751
379 507
379 498
380 449
380 354
380 261
380 506
381 334
381 403
381 125
381 784
382 428
382 397
382 163
382 433
383 515
383 160
383 381
383 614
384 385
384 97
384 100
384 697
385 8
385 729
385 549
385 113
386 679
386 634
386 716
386 314
387 585
387 775
387 365
387 586
388 330
388 626
388 292
388 216
389 229
389 769
389 552
389 209
390 366
390 715
390 195
390 433
391 428
391 576
391 247
391 13
392 226
392 700
392 262
392 586
393 629
393 363
393 700
393 508
394 197
394 616
394 375
394 782
395 144
395 740
395 120
395 26
396 118
396 765
396 594
396 699
397 734
397 346
397 108
397 653
398 262
398 303
398 286
398 242
399 432
399 534
399 607
399 210
400 434
400 69
400 796
400 615
401 784
401 696
401 324
401 182
402 65
402 251
402 516
402 561
403 543
403 637
403 587
403 661
404 602
404 381
404 560
404 88
405 279
405 220
405 741
405 93
406 524
406 228
406 335
406 508
407 762
407 142
407 270
407 396
408 563
408 266
408 211
408 100
409 515
409 87
409 634
409 132
410 690
410 350
410 693
410 433
411 539
411 480
411 294
411 693
412 413
412 54
412 782
412 244
413 275
413 723
413 338
413 351
414 151
414 673
414 411
414 465
415 368
415 681
415 413
415 483
416 499
416 177
416 135
416 214
417 264
417 769
417 346
417 507
418 672
418 591
418 140
418 411
419 623
419 787
419 657
419 236
420 393
420 639
420 481
420 220
421 114
421 371
421 571
421 618
422 596
422 534
422 283
422 164
423 767
423 697
423 200
423 467
424 74
424 335
424 233
424 690
425 657
425 132
425 749
425 529
426 723
426 90
426 492
426 547
427 429
427 349
427 335
427 22
428 540
428 368
428 243
428 655
429 739
429 366
429 25
429 536
430 453
430 660
430 252
430 420
431 557
431 4
431 87
431 183
432 340
432 321
432 426
432 197
433 5
433 727
433 278
433 728
434 369
434 770
434 27
434 798
435 320
435 363
435 21
435 60
436 283
436 616
436 267
436 223
437 182
437 292
437 311
437 635
438 153
438 563
438 608
438 262
439 568
439 695
439 798
439 460
440 568
440 776
440 209
440 573
441 703
441 487
441 54
441 273
442 457
442 81
442 623
442 329
443 796
443 644
443 742
443 280
444 12
444 209
444 55
444 547
445 54
445 366
445 734
445 559
446 481
446 542
446 373
446 601
447 438
447 371
447 613
447 558
448 699
448 22
448 684
448 155
449 61
449 290
449 780
449 71
450 723
450 603
450 400
450 720
451 0
451 342
451 552
451 12
452 104
452 607
452 559
452 158
453 525
453 494
453 717
453 558
454 236
454 290
454 360
454 226
455 214
455 173
455 337
455 465
456 548
456 221
456 620
456 609
457 63
457 600
457 232
457 786
458 404
458 633
458 258
458 756
459 527
459 10
459 768
459 631
460 169
460 528
460 341
460 246
461 574
461 258
461 5
461 10
462 101
462 365
462 589
462 667
463 90
463 126
463 332
463 638
464 699
464 505
464 0
464 762
465 657
465 232
465 748
465 261
466 417
466 207
466 569
466 497
467 569
467 538
467 328
467 739
468 618
468 670
468 185
468 392
469 480
469 542
469 754
469 133
470 107
470 543
470 0
470 550
471 221
471 685
471 388
471 120
472 390
472 740
472 434
472 247
473 525
473 383
473 61
473 494
474 142
474 630
474 191
474 263
475 720
475 520
475 554
475 538
476 742
476 292
476 130
476 422
477 34
477 85
477 108
477 494
478 180
478 108
478 244
478 402
479 345
479 184
479 522
479 287
480 125
480 157
480 535
480 202
481 92
481 148
481 696
481 586
482 330
482 440
482 49
482 251
483 512
483 156
483 789
483 454
484 448
484 472
484 428
484 482
485 557
485 88
485 176
485 737
486 197
486 420
486 339
486 94
487 605
487 414
487 382
487 282
488 123
488 469
488 36
488 215
489 617
489 284
489 353
489 499
490 724
490 754
490 750
490 436
491 110
491 292
491 442
491 558
492 764
492 423
492 241
492 521
493 511
493 769
493 10
493 260
494 390
494 702
494 355
494 547
495 316
495 289
495 381
495 439
496 758
496 417
496 206
496 575
497 701
497 111
497 274
497 178
498 65
498 577
498 166
498 176
499 69
499 161
499 734
499 33
500 136
500 527
500 106
500 199
501 497
501 116
501 460
501 439
502 370
502 367
502 186
502 686
503 208
503 567
503 677
503 166
504 536
504 435
504 293
504 437
505 546
505 119
505 167
505 612
506 696
506 334
506 340
506 317
507 495
507 274
507 350
507 631
508 2
508 8
508 30
508 51
509 125
509 42
509 490
509 47
510 761
510 676
510 734
510 169
511 795
511 163
511 335
511 531
512 151
512 180
512 520
512 697
513 300
513 688
513 61
513 196
514 574
514 401
514 514
514 269
515 228
515 416
515 452
515 582
516 425
516 482
516 633
516 102
517 77
517 323
517 149
517 390
518 551
518 435
518 560
518 546
519 599
519 447
519 629
519 302
520 628
520 349
520 199
520 128
521 589
521 613
521 676
521 363
522 566
522 390
522 184
522 794
523 359
523 636
523 576
523 784
524 671
524 409
524 438
524 300
525 284
525 139
525 690
525 35
526 575
526 450
526 581
526 726
527 450
527 762
527 228
527 278
528 664
528 779
528 758
528 453
529 144
529 634
529 369
529 711
530 577
530 105
530 257
530 136
531 742
531 34
531 472
531 165
532 795
532 110
532 465
532 632
533 249
533 707
533 667
533 376
534 358
534 1
534 302
534 360
535 763
535 82
535 638
535 627
536 414
536 596
536 633
536 558
537 430
537 554
537 469
537 207
538 659
538 727
538 695
538 601
539 313
539 367
539 318
539 660
540 29
540 335
540 492
540 631
541 243
541 712
541 207
541 153
542 713
542 62
542 513
542 228
543 496
543 351
543 56
543 110
544 499
544 241
544 669
544 481
545 795
545 690
545 689
545 654
546 169
546 136
546 8
546 482
547 504
547 326
547 695
547 533
548 214
548 387
548 364
548 457
549 651
549 124
549 610
549 564
550 538
550 323
550 793
550 234
551 226
551 401
551 345
551 725
552 194
552 566
552 406
552 189
553 456
553 647
553 395
553 626
554 784
554 403
554 660
554 40
555 282
555 555
555 573
555 48
556 495
556 490
556 505
556 346
557 166
557 667
557 463
557 704
558 190
558 8
558 490
558 768
559 761
559 35
559 693
559 155
560 601
560 651
560 344
560 610
561 51
561 291
561 788
561 35
562 247
562 648
562 75
562 81
563 756
563 200
563 129
563 451
564 242
564 634
564 349
564 760
565 501
565 364
565 664
565 243
566 372
566 355
566 211
566 333
567 742
567 456
567 40
567 96
568 659
568 736
568 258
568 710
569 228
569 246
569 297
569 475
570 94
570 724
570 556
570 50
571 125
571 685
571 53
571 719
572 71
572 755
572 680
572 124
573 319
573 96
573 367
573 244
574 3
574 130
574 129
574 746
575 586
575 170
575 394
575 445
576 458
576 652
576 708
576 686
577 98
577 205
577 713
577 544
578 130
578 21
578 147
578 607
579 258
579 200
579 78
579 329
580 507
580 758
580 453
580 379
581 407
581 372
581 175
581 410
582 502
582 304
582 708
582 640
583 26
583 302
583 286
583 485
584 506
584 546
584 723
584 604
585 751
585 637
585 701
585 433
586 210
586 48
586 592
586 469
587 600
587 671
587 350
587 308
588 181
588 356
588 687
588 588
589 728
589 62
589 551
589 783
590 718
590 459
590 623
590 745
591 314
591 461
591 782
591 372
592 207
592 257
592 529
592 511
593 94
593 430
593 144
593 657
594 478
594 737
594 326
594 278
595 160
595 228
595 586
595 341
596 584
596 25
596 482
596 65
597 439
597 233
597 48
597 358
598 244
598 223
598 655
598 110
599 685
599 189
599 483
599 444
600 446
600 212
600 155
600 93
601 642
601 300
601 750
601 320
602 589
602 628
602 150
602 749
603 56
603 737
603 642
603 641
604 314
604 324
604 258
604 754
605 109
605 658
605 664
605 354
606 81
606 519
606 16
606 318
607 260
607 499
607 763
607 706
608 263
608 118
608 799
608 105
609 770
609 301
609 777
609 111
610 129
610 128
610 412
610 186
611 417
611 255
611 379
611 283
612 579
612 189
612 237
612 689
613 47
613 453
613 595
613 480
614 524
614 611
614 799
614 784
615 311
615 314
615 243
615 126
616 784
616 242
616 232
616 307
617 96
617 561
617 418
617 225
618 241
618 31
618 763
618 210
619 286
619 694
619 494
619 417
620 435
620 283
620 658
620 482
621 737
621 453
621 515
621 13
622 617
622 514
622 798
622 480
623 380
623 241
623 606
623 364
624 35
624 38
624 223
624 131
625 152
625 642
625 709
625 745
626 225
626 224
626 156
626 63
627 471
627 202
627 480
627 106
628 485
628 691
628 589
628 774
629 344
629 656
629 788
629 161
630 370
630 338
630 641
630 302
631 579
631 448
631 218
631 166
632 38
632 442
632 650
632 542
633 284
633 559
633 488
633 61
634 335
634 196
634 124
634 6
635 398
635 156
635 113
635 435
636 47
636 254
636 762
636 744
637 110
637 302
637 457
637 32
638 640
638 651
638 686
638 771
639 299
639 104
639 489
639 689
640 546
640 339
640 784
640 382
641 450
641 472
641 443
641 786
642 668
642 119
642 792
642 618
643 276
643 457
643 253
643 675
644 263
644 215
644 619
644 725
645 69
645 277
645 309
645 709
646 480
646 195
646 232
646 331
647 300
647 722
647 220
647 46
648 613
648 556
648 429
648 264
649 228
649 424
649 250
649 448
650 544
650 594
650 618
650 372
651 604
651 72
651 247
651 67
652 639
652 419
652 793
652 709
653 248
653 654
653 170
653 728
654 50
654 755
654 259
654 350
655 229
655 31
655 748
655 42
656 588
656 377
656 306
656 368
657 354
657 108
657 369
657 98
658 703
658 187
658 470
658 507
659 611
659 269
659 126
659 3
660 240
660 471
660 264
660 488
661 326
661 786
661 416
661 376
662 741
662 227
662 278
662 522
663 259
663 226
663 565
663 399
664 604
664 423
664 767
664 158
665 532
665 688
665 608
665 787
666 76
666 630
666 494
666 239
667 451
667 172
667 242
667 692
668 644
668 506
668 380
668 522
669 493
669 349
669 98
669 786
670 128
670 376
670 509
670 387
671 602
671 626
671 338
671 758
672 249
672 658
672 468
672 781
673 546
673 628
673 320
673 174
674 458
674 14
674 414
674 462
675 539
675 656
675 354
675 735
676 715
676 734
676 457
676 760
677 635
677 107
677 746
677 764
678 483
678 455
678 703
678 637
679 633
679 242
679 148
679 83
680 100
680 168
680 416
680 646
681 349
681 737
681 21
681 359
682 303
682 787
682 21
682 42
683 643
683 375
683 777
683 110
684 662
684 786
684 70
684 497
685 93
685 17
685 461
685 128
686 24
686 717
686 766
686 658
687 159
687 466
687 293
687 259
688 186
688 709
688 457
688 535
689 646
689 30
689 95
689 502
690 17
690 116
690 96
690 213
691 492
691 74
691 323
691 706
692 60
692 394
692 403
692 506
693 763
693 417
693 634
693 339
694 334
694 152
694 549
694 493
695 618
695 42
695 304
695 5
696 304
696 313
696 92
696 502
697 344
697 187
697 204
697 361
698 656
698 301
698 126
698 348
699 727
699 450
699 254
699 339
700 396
700 209
700 45
700 711
701 626
701 680
701 602
701 512
702 32
702 352
702 557
702 203
703 746
703 61
703 560
703 250
704 727
704 652
704 753
704 271
705 40
705 157
705 184
705 248
706 10
706 311
706 148
706 737
707 313
707 754
707 277
707 261
708 163
708 674
708 524
708 342
709 554
709 326
709 54
709 139
710 678
710 164
710 342
710 625
711 577
711 102
711 427
711 504
712 754
712 380
712 775
712 346
713 90
713 160
713 594
713 100
714 23
714 742
714 390
714 688
715 696
715 219
715 149
715 412
716 93
716 225
716 754
716 648
717 551
717 360
717 787
717 782
718 524
718 329
718 159
718 302
719 783
719 586
719 6
719 737
720 167
720 334
720 636
720 609
721 46
721 430
721 709
721 69
722 725
722 651
722 757
722 173
723 70
723 458
723 585
723 164
724 683
724 539
724 364
724 786
725 452
725 703
725 768
725 176
726 232
726 127
726 30
726 567
727 266
727 37
727 504
727 433
728 371
728 692
728 594
728 417
729 675
729 55
729 38
729 600
730 707
730 347
730 773
730 777
731 357
731 559
731 493
731 592
732 650
732 57
732 578
732 302
733 760
733 547
733 31
733 544
734 226
734 61
734 311
734 492
735 98
735 368
735 477
735 21
736 260
736 271
736 790
736 487
737 679
737 380
737 287
737 586
738 279
738 613
738 563
738 636
739 724
739 609
739 428
739 574
740 666
740 559
740 429
740 627
741 658
741 460
741 371
741 84
742 73
742 235
742 129
742 524
743 603
743 158
743 545
743 415
744 782
744 88
744 103
744 661
745 468
745 742
745 447
745 300
746 555
746 562
746 136
746 31
747 371
747 117
747 158
747 238
748 676
748 587
748 417
748 534
749 599
749 340
749 170
749 672
750 127
750 651
750 396
750 282
751 10
751 494
751 698
751 792
752 582
752 353
752 653
752 602
753 647
753 652
753 454
753 755
754 414
754 591
754 786
754 338
755 260
755 144
755 128
755 488
756 283
756 545
756 222
756 434
757 437
757 744
757 307
757 565
758 596
758 255
758 47
758 606
759 749
759 297
759 150
759 83
760 202
760 3
760 238
760 50
761 655
761 692
761 5
761 621
762 35
762 791
762 511
762 295
763 488
763 639
763 783
763 323
764 736
764 557
764 758
764 726
765 502
765 265
765 491
765 650
766 520
766 90
766 8
766 22
767 388
767 158
767 457
767 590
768 161
768 695
768 640
768 368
769 140
769 197
769 541
769 175
770 541
770 253
770 23
770 229
771 444
771 358
771 552
771 733
772 116
772 510
772 659
772 170
773 327
773 350
773 372
773 400
774 440
774 380
774 774
774 380
775 538
775 431
775 171
775 699
776 679
776 363
776 619
776 19
777 561
777 712
777 546
777 654
778 517
778 569
778 83
778 162
779 128
779 187
779 95
779 596
780 250
780 754
780 766
780 129
781 656
781 338
781 529
781 296
782 718
782 55
782 229
782 8
783 487
783 400
783 707
783 718
784 315
784 78
784 737
784 428
785 790
785 35
785 282
785 508
786 605
786 717
786 222
786 285
787 457
787 669
787 81
787 707
788 623
788 399
788 36
788 479
789 289
789 118
789 327
789 207
790 173
790 556
790 215
790 212
791 508
791 474
791 130
791 376
792 104
792 419
792 356
792 446
793 455
793 639
793 506
793 612
794 108
794 728
794 97
794 565
795 597
795 530
795 472
795 772
796 129
796 61
796 3
796 418
797 531
797 683
797 177
797 256
798 791
798 744
798 469
798 52
799 770
799 151
799 428
799 426
